10
50
42 35 27 47 3 18 34 31 29 39 10 30 33 46 12 11 30 19 43 30 27 1 48 10 20 43 43 7 49 7 1 33 46 42 42 12 24 8 3 28 21 49 37 42 1 28 2 12 8 45
50
50 40 36 12 9 23 35 36 47 21 38 26 46 2 25 29 48 31 30 46 13 3 33 38 47 30 36 31 14 45 21 29 46 32 7 16 23 31 50 15 8 16 24 26 30 23 46 10 42 5
50
48 15 33 6 7 16 31 47 26 8 26 40 30 32 8 25 33 35 45 32 42 28 1 28 33 10 21 28 39 30 17 15 22 9 30 31 3 28 10 13 36 32 18 22 35 31 27 47 21 49
50
21 26 4 15 33 14 7 49 8 24 41 20 50 5 14 33 23 29 10 34 28 35 19 21 44 5 44 2 39 1 14 30 16 39 40 44 7 2 48 26 20 29 35 40 25 2 7 50 21 25
50
39 24 8 12 32 13 28 5 44 29 40 37 19 35 31 10 35 43 31 43 27 7 17 26 40 11 31 36 42 7 24 45 13 25 26 1 34 25 22 3 25 4 24 33 13 50 17 39 27 42
50
41 36 26 24 50 9 29 25 6 50 12 37 18 39 37 13 39 10 27 16 31 44 38 6 5 48 8 6 12 3 6 10 15 12 38 39 22 41 20 3 36 41 13 3 37 2 5 46 1 13
50
6 2 44 36 9 33 27 22 11 50 34 33 22 33 30 25 39 37 27 25 19 1 8 37 40 43 25 14 49 48 3 37 36 3 33 36 16 4 45 25 27 10 42 15 43 46 4 28 18 8
50
10 8 10 1 12 45 19 43 44 10 25 32 27 38 24 40 38 46 27 21 2 11 26 16 2 1 19 8 18 31 12 41 28 29 37 7 11 35 38 40 2 15 2 36 11 26 2 41 21 33
50
10 30 31 3 47 4 27 45 42 45 17 32 12 20 29 19 45 31 36 33 23 9 16 12 30 47 9 20 12 42 20 38 22 29 30 14 37 8 20 25 2 45 1 2 34 14 15 27 25 24
50
48 7 18 48 22 8 33 5 16 39 34 36 26 15 18 7 32 27 6 14 5 28 42 7 42 28 27 39 7 1 14 15 18 1 13 29 43 31 24 10 9 3 4 24 35 40 12 6 50 38