10
50
17 20 2 32 2 31 46 24 7 9 1 15 22 49 29 2 41 6 41 16 26 9 7 7 46 30 18 45 39 36 24 21 23 31 26 47 30 6 34 15 21 25 38 25 9 30 34 30 20 35
50
36 41 40 32 14 50 32 46 23 35 22 35 16 36 26 35 20 26 15 26 36 49 19 21 45 47 18 2 49 33 25 44 5 3 10 31 1 10 11 30 17 49 40 30 49 44 38 48 17 42
50
17 10 13 24 37 32 9 38 32 14 47 15 24 21 35 50 1 4 45 20 31 2 47 32 17 23 31 42 21 16 30 28 34 50 22 2 41 47 32 43 17 1 38 50 45 1 36 8 1 32
50
42 30 4 22 32 33 9 19 4 17 43 39 22 15 31 29 36 21 28 19 35 34 31 31 17 8 50 49 17 7 12 29 15 22 7 7 37 15 30 24 41 19 27 24 42 45 17 49 37 2
50
36 15 27 11 23 17 19 49 49 42 20 49 3 18 42 36 1 28 12 16 29 28 47 20 38 17 41 19 47 37 17 36 26 18 1 34 40 2 31 33 14 37 12 1 19 18 48 23 40 5
50
42 9 29 30 9 48 38 35 48 37 12 16 49 28 10 41 3 16 47 47 21 19 36 38 4 50 47 42 49 28 21 46 28 45 48 6 14 13 37 44 26 23 42 19 13 25 5 19 1 48
50
37 22 11 19 24 50 10 27 26 49 20 27 5 26 47 6 44 9 18 2 38 22 9 27 26 5 5 9 19 28 21 38 3 32 48 21 4 5 44 21 33 8 10 24 50 39 48 37 35 15
50
50 42 2 39 22 46 32 28 27 35 13 1 38 30 20 35 35 2 23 5 3 41 5 27 22 48 37 9 42 44 6 8 34 1 35 50 24 40 18 20 32 12 3 13 28 17 11 26 41 33
50
5 35 9 5 45 12 39 5 22 36 5 15 6 24 42 14 7 11 8 46 17 16 37 48 34 45 31 1 24 7 44 36 5 24 26 38 19 25 5 4 20 42 40 10 19 38 26 27 32 2
50
29 23 42 35 27 39 29 16 39 12 29 26 31 32 39 8 37 14 25 22 26 38 38 21 27 32 38 10 41 28 24 24 17 39 13 5 33 22 8 7 3 30 33 24 35 23 20 40 13 45